% Results of the GHE calculation
% Station latitude (deg):   	48.32983000
% Station longitude (deg):   	8.32728000
% Station height (m):       	   0.000
% Calculation settings:
% DEM:	
% Excluded area:	Greenland and Antarctica
% Inclusion polygon:	 No inclusion polygon loaded
% Model:	 GLDAS/NOAH10, layer:	 total
% Model resolution:	1.00x1.00 deg, Daily/hourly
% Mass conservation enforced:	on (layer on ocean, gravity response to 1 mm: 0.344 nm/s^2)
% GHE/LHE threshold (deg):	 0.10
% Calc. date:	2015/07/05 18:00:21
% Calc. duration (min):	 9.65
% Flagged values: NaN
% Result units: nm/s^2
% time_matlab   	Date       	Time	 total_eff	 cont_load	 cont_newton	 ocean_load	 ocean_newton  local_TWS(mm)
734869.500000   	20120101   	120000		 138.48		  68.30		  68.88		   0.34		   0.95		 683.34
734870.500000   	20120102   	120000		 138.94		  68.66		  69.04		   0.33		   0.92		 685.00
734871.500000   	20120103   	120000		 139.28		  68.91		  69.15		   0.32		   0.89		 686.43
734872.500000   	20120104   	120000		 139.78		  69.31		  69.29		   0.31		   0.86		 692.92
734873.500000   	20120105   	120000		 140.60		  69.96		  69.48		   0.30		   0.85		 702.34
734874.500000   	20120106   	120000		 141.34		  70.56		  69.66		   0.29		   0.82		 712.66
734875.500000   	20120107   	120000		 141.53		  70.71		  69.77		   0.28		   0.77		 712.66
734876.500000   	20120108   	120000		 141.85		  70.97		  69.88		   0.27		   0.74		 714.50
734877.500000   	20120109   	120000		 141.96		  71.06		  69.95		   0.25		   0.70		 713.54
734878.500000   	20120110   	120000		 142.01		  71.10		  70.04		   0.23		   0.65		 711.79
734879.500000   	20120111   	120000		 141.86		  70.98		  70.06		   0.22		   0.61		 707.31
734880.500000   	20120112   	120000		 141.74		  70.87		  70.09		   0.20		   0.57		 703.20
734881.500000   	20120113   	120000		 141.68		  70.83		  70.14		   0.19		   0.53		 700.02
734882.500000   	20120114   	120000		 141.55		  70.72		  70.18		   0.17		   0.48		 696.60
734883.500000   	20120115   	120000		 141.39		  70.60		  70.20		   0.15		   0.43		 693.11
734884.500000   	20120116   	120000		 141.26		  70.48		  70.23		   0.14		   0.40		 689.97
734885.500000   	20120117   	120000		 141.15		  70.39		  70.27		   0.13		   0.36		 686.46
734886.500000   	20120118   	120000		 141.01		  70.27		  70.30		   0.12		   0.32		 683.58
734887.500000   	20120119   	120000		 141.24		  70.45		  70.38		   0.11		   0.30		 682.72
734888.500000   	20120120   	120000		 141.94		  71.02		  70.53		   0.10		   0.29		 693.01
734889.500000   	20120121   	120000		 142.67		  71.62		  70.70		   0.09		   0.25		 703.86
734890.500000   	20120122   	120000		 143.22		  72.07		  70.87		   0.08		   0.21		 709.96
734891.500000   	20120123   	120000		 143.35		  72.17		  70.93		   0.06		   0.18		 710.83
734892.500000   	20120124   	120000		 143.59		  72.37		  71.00		   0.06		   0.16		 713.63
734893.500000   	20120125   	120000		 143.59		  72.36		  71.04		   0.05		   0.14		 711.30
734894.500000   	20120126   	120000		 143.49		  72.29		  71.08		   0.03		   0.10		 708.58
734895.500000   	20120127   	120000		 143.40		  72.21		  71.10		   0.02		   0.06		 706.47
734896.500000   	20120128   	120000		 143.41		  72.22		  71.11		   0.02		   0.05		 706.32
734897.500000   	20120129   	120000		 143.34		  72.18		  71.10		   0.02		   0.05		 704.46
734898.500000   	20120130   	120000		 143.21		  72.07		  71.10		   0.01		   0.03		 702.17
734899.500000   	20120131   	120000		 143.17		  72.04		  71.14		  -0.00		  -0.00		 700.83
734900.500000   	20120201   	120000		 143.07		  71.95		  71.15		  -0.01		  -0.02		 698.90
734901.500000   	20120202   	120000		 142.98		  71.87		  71.17		  -0.02		  -0.05		 696.52
734902.500000   	20120203   	120000		 142.87		  71.78		  71.17		  -0.02		  -0.06		 693.61
734903.500000   	20120204   	120000		 142.79		  71.70		  71.16		  -0.02		  -0.05		 690.54
734904.500000   	20120205   	120000		 142.77		  71.65		  71.15		  -0.01		  -0.02		 688.31
734905.500000   	20120206   	120000		 142.69		  71.57		  71.13		  -0.00		  -0.00		 685.72
734906.500000   	20120207   	120000		 142.63		  71.50		  71.10		   0.01		   0.02		 683.69
734907.500000   	20120208   	120000		 142.55		  71.43		  71.06		   0.02		   0.04		 681.90
734908.500000   	20120209   	120000		 142.45		  71.34		  71.03		   0.02		   0.06		 680.12
734909.500000   	20120210   	120000		 142.38		  71.28		  71.03		   0.02		   0.06		 678.54
734910.500000   	20120211   	120000		 142.29		  71.21		  71.03		   0.02		   0.04		 676.96
734911.500000   	20120212   	120000		 142.22		  71.14		  71.04		   0.01		   0.03		 675.05
734912.500000   	20120213   	120000		 142.16		  71.09		  71.06		   0.00		   0.00		 673.53
734913.500000   	20120214   	120000		 142.18		  71.11		  71.11		  -0.01		  -0.03		 673.20
734914.500000   	20120215   	120000		 142.48		  71.36		  71.19		  -0.02		  -0.05		 678.64
734915.500000   	20120216   	120000		 142.61		  71.46		  71.24		  -0.02		  -0.07		 680.45
734916.500000   	20120217   	120000		 142.62		  71.46		  71.27		  -0.03		  -0.08		 679.18
734917.500000   	20120218   	120000		 142.59		  71.44		  71.32		  -0.04		  -0.12		 677.74
734918.500000   	20120219   	120000		 142.84		  71.65		  71.42		  -0.06		  -0.17		 680.89
734919.500000   	20120220   	120000		 142.87		  71.67		  71.46		  -0.07		  -0.19		 679.98
734920.500000   	20120221   	120000		 142.85		  71.65		  71.50		  -0.08		  -0.22		 679.10
734921.500000   	20120222   	120000		 142.79		  71.60		  71.52		  -0.09		  -0.24		 677.64
734922.500000   	20120223   	120000		 142.76		  71.56		  71.52		  -0.09		  -0.24		 676.84
734923.500000   	20120224   	120000		 142.73		  71.54		  71.54		  -0.09		  -0.26		 676.05
734924.500000   	20120225   	120000		 142.68		  71.52		  71.57		  -0.11		  -0.30		 675.57
734925.500000   	20120226   	120000		 142.66		  71.52		  71.60		  -0.12		  -0.33		 675.47
734926.500000   	20120227   	120000		 142.61		  71.49		  71.60		  -0.13		  -0.36		 675.00
734927.500000   	20120228   	120000		 142.56		  71.47		  71.64		  -0.15		  -0.41		 674.15
734928.500000   	20120229   	120000		 142.55		  71.48		  71.71		  -0.17		  -0.47		 673.28
734929.500000   	20120301   	120000		 142.45		  71.42		  71.72		  -0.18		  -0.51		 672.47
734930.500000   	20120302   	120000		 142.34		  71.35		  71.71		  -0.19		  -0.53		 671.21
734931.500000   	20120303   	120000		 142.21		  71.26		  71.69		  -0.20		  -0.54		 669.88
734932.500000   	20120304   	120000		 142.14		  71.20		  71.69		  -0.20		  -0.56		 668.16
734933.500000   	20120305   	120000		 142.34		  71.36		  71.71		  -0.19		  -0.54		 670.72
734934.500000   	20120306   	120000		 142.35		  71.37		  71.71		  -0.19		  -0.54		 669.84
734935.500000   	20120307   	120000		 142.24		  71.29		  71.70		  -0.20		  -0.55		 668.61
734936.500000   	20120308   	120000		 142.37		  71.38		  71.71		  -0.19		  -0.53		 669.99
734937.500000   	20120309   	120000		 142.30		  71.33		  71.71		  -0.19		  -0.54		 669.64
734938.500000   	20120310   	120000		 142.21		  71.23		  71.67		  -0.18		  -0.51		 668.39
734939.500000   	20120311   	120000		 142.13		  71.16		  71.62		  -0.17		  -0.48		 667.52
734940.500000   	20120312   	120000		 142.03		  71.08		  71.58		  -0.16		  -0.46		 666.59
734941.500000   	20120313   	120000		 141.88		  70.95		  71.51		  -0.15		  -0.43		 665.21
734942.500000   	20120314   	120000		 141.70		  70.81		  71.45		  -0.15		  -0.41		 663.74
734943.500000   	20120315   	120000		 141.50		  70.66		  71.39		  -0.14		  -0.40		 662.10
734944.500000   	20120316   	120000		 141.26		  70.49		  71.33		  -0.15		  -0.41		 660.14
734945.500000   	20120317   	120000		 141.03		  70.31		  71.27		  -0.15		  -0.41		 657.99
734946.500000   	20120318   	120000		 141.04		  70.33		  71.26		  -0.14		  -0.40		 659.14
734947.500000   	20120319   	120000		 141.32		  70.58		  71.29		  -0.14		  -0.40		 665.54
734948.500000   	20120320   	120000		 141.21		  70.50		  71.26		  -0.15		  -0.41		 665.11
734949.500000   	20120321   	120000		 140.97		  70.32		  71.23		  -0.15		  -0.42		 663.00
734950.500000   	20120322   	120000		 140.73		  70.12		  71.17		  -0.15		  -0.42		 660.67
734951.500000   	20120323   	120000		 140.47		  69.92		  71.08		  -0.14		  -0.38		 658.46
734952.500000   	20120324   	120000		 140.22		  69.71		  70.99		  -0.13		  -0.35		 656.47
734953.500000   	20120325   	120000		 139.96		  69.50		  70.90		  -0.12		  -0.32		 654.14
734954.500000   	20120326   	120000		 139.68		  69.27		  70.81		  -0.11		  -0.30		 651.50
734955.500000   	20120327   	120000		 139.40		  69.05		  70.76		  -0.11		  -0.30		 648.93
734956.500000   	20120328   	120000		 139.10		  68.82		  70.72		  -0.12		  -0.32		 646.34
734957.500000   	20120329   	120000		 138.86		  68.61		  70.64		  -0.10		  -0.29		 643.68
734958.500000   	20120330   	120000		 138.71		  68.48		  70.60		  -0.10		  -0.27		 641.89
734959.500000   	20120331   	120000		 138.54		  68.34		  70.56		  -0.09		  -0.26		 640.22
734960.500000   	20120401   	120000		 138.37		  68.19		  70.51		  -0.09		  -0.24		 638.27
734961.500000   	20120402   	120000		 138.17		  68.01		  70.40		  -0.06		  -0.18		 635.83
734962.500000   	20120403   	120000		 137.99		  67.86		  70.30		  -0.04		  -0.13		 633.96
734963.500000   	20120404   	120000		 138.16		  67.99		  70.27		  -0.03		  -0.08		 639.24
734964.500000   	20120405   	120000		 138.33		  68.14		  70.26		  -0.02		  -0.05		 645.88
734965.500000   	20120406   	120000		 138.37		  68.17		  70.22		  -0.00		  -0.01		 649.78
734966.500000   	20120407   	120000		 138.35		  68.15		  70.20		   0.00		   0.01		 648.58
734967.500000   	20120408   	120000		 138.33		  68.11		  70.17		   0.01		   0.04		 646.98
734968.500000   	20120409   	120000		 138.18		  67.98		  70.09		   0.03		   0.08		 645.35
734969.500000   	20120410   	120000		 138.10		  67.92		  70.05		   0.04		   0.10		 643.45
734970.500000   	20120411   	120000		 138.34		  68.12		  70.07		   0.04		   0.11		 646.36
734971.500000   	20120412   	120000		 138.42		  68.18		  70.08		   0.04		   0.11		 647.00
734972.500000   	20120413   	120000		 138.43		  68.19		  70.09		   0.04		   0.11		 646.12
734973.500000   	20120414   	120000		 138.39		  68.16		  70.09		   0.04		   0.11		 644.43
734974.500000   	20120415   	120000		 138.54		  68.28		  70.14		   0.03		   0.09		 643.95
734975.500000   	20120416   	120000		 138.79		  68.47		  70.20		   0.03		   0.09		 647.19
734976.500000   	20120417   	120000		 138.71		  68.38		  70.19		   0.03		   0.10		 645.43
734977.500000   	20120418   	120000		 138.64		  68.33		  70.16		   0.04		   0.12		 645.18
734978.500000   	20120419   	120000		 138.70		  68.36		  70.15		   0.05		   0.14		 644.87
734979.500000   	20120420   	120000		 138.76		  68.40		  70.15		   0.06		   0.16		 644.86
734980.500000   	20120421   	120000		 138.73		  68.38		  70.11		   0.06		   0.18		 644.29
734981.500000   	20120422   	120000		 138.90		  68.53		  70.11		   0.07		   0.20		 647.71
734982.500000   	20120423   	120000		 138.90		  68.52		  70.06		   0.08		   0.23		 647.89
734983.500000   	20120424   	120000		 139.20		  68.78		  70.13		   0.08		   0.22		 650.50
734984.500000   	20120425   	120000		 139.23		  68.79		  70.11		   0.09		   0.24		 651.12
734985.500000   	20120426   	120000		 139.11		  68.70		  70.05		   0.10		   0.27		 648.28
734986.500000   	20120427   	120000		 138.82		  68.47		  69.93		   0.11		   0.30		 645.24
734987.500000   	20120428   	120000		 138.49		  68.21		  69.83		   0.12		   0.33		 641.01
734988.500000   	20120429   	120000		 138.21		  67.99		  69.76		   0.12		   0.34		 636.44
734989.500000   	20120430   	120000		 137.91		  67.76		  69.65		   0.13		   0.37		 633.71
734990.500000   	20120501   	120000		 137.71		  67.60		  69.54		   0.15		   0.42		 631.20
734991.500000   	20120502   	120000		 137.73		  67.64		  69.45		   0.17		   0.47		 633.51
734992.500000   	20120503   	120000		 137.48		  67.44		  69.36		   0.18		   0.50		 629.88
734993.500000   	20120504   	120000		 137.15		  67.17		  69.25		   0.19		   0.54		 625.79
734994.500000   	20120505   	120000		 137.31		  67.30		  69.20		   0.21		   0.60		 627.47
734995.500000   	20120506   	120000		 137.62		  67.54		  69.23		   0.22		   0.62		 630.23
734996.500000   	20120507   	120000		 137.77		  67.67		  69.27		   0.22		   0.61		 632.82
734997.500000   	20120508   	120000		 137.60		  67.52		  69.27		   0.21		   0.60		 630.30
734998.500000   	20120509   	120000		 137.52		  67.46		  69.28		   0.21		   0.58		 629.76
734999.500000   	20120510   	120000		 137.33		  67.30		  69.23		   0.21		   0.58		 626.98
735000.500000   	20120511   	120000		 136.92		  66.96		  69.11		   0.23		   0.63		 621.55
735001.500000   	20120512   	120000		 136.94		  66.99		  69.03		   0.24		   0.68		 625.45
735002.500000   	20120513   	120000		 136.69		  66.79		  68.90		   0.27		   0.74		 623.06
735003.500000   	20120514   	120000		 136.32		  66.48		  68.80		   0.27		   0.76		 618.98
735004.500000   	20120515   	120000		 136.01		  66.24		  68.69		   0.28		   0.79		 616.86
735005.500000   	20120516   	120000		 136.00		  66.24		  68.62		   0.30		   0.84		 618.47
735006.500000   	20120517   	120000		 135.82		  66.08		  68.52		   0.32		   0.90		 616.62
735007.500000   	20120518   	120000		 135.54		  65.85		  68.38		   0.34		   0.96		 614.20
735008.500000   	20120519   	120000		 135.27		  65.65		  68.22		   0.37		   1.03		 614.32
735009.500000   	20120520   	120000		 135.08		  65.50		  68.09		   0.39		   1.09		 614.42
735010.500000   	20120521   	120000		 135.20		  65.60		  68.04		   0.41		   1.15		 614.05
735011.500000   	20120522   	120000		 135.62		  65.96		  68.02		   0.43		   1.20		 624.13
735012.500000   	20120523   	120000		 135.44		  65.83		  67.89		   0.45		   1.26		 624.14
735013.500000   	20120524   	120000		 135.17		  65.64		  67.78		   0.46		   1.28		 622.91
735014.500000   	20120525   	120000		 134.84		  65.40		  67.66		   0.47		   1.31		 620.52
735015.500000   	20120526   	120000		 134.37		  65.02		  67.49		   0.49		   1.37		 615.07
735016.500000   	20120527   	120000		 133.86		  64.63		  67.30		   0.51		   1.42		 610.66
735017.500000   	20120528   	120000		 133.44		  64.30		  67.12		   0.53		   1.48		 606.82
735018.500000   	20120529   	120000		 133.03		  63.98		  66.96		   0.55		   1.54		 603.13
735019.500000   	20120530   	120000		 132.54		  63.59		  66.76		   0.58		   1.61		 598.63
735020.500000   	20120531   	120000		 132.24		  63.36		  66.62		   0.59		   1.66		 596.12
735021.500000   	20120601   	120000		 132.28		  63.40		  66.57		   0.61		   1.70		 596.13
735022.500000   	20120602   	120000		 132.02		  63.20		  66.48		   0.62		   1.72		 592.75
735023.500000   	20120603   	120000		 132.08		  63.24		  66.41		   0.64		   1.79		 592.60
735024.500000   	20120604   	120000		 132.65		  63.72		  66.44		   0.66		   1.83		 599.40
735025.500000   	20120605   	120000		 132.62		  63.69		  66.39		   0.67		   1.86		 598.79
735026.500000   	20120606   	120000		 132.47		  63.58		  66.32		   0.68		   1.89		 596.61
735027.500000   	20120607   	120000		 132.34		  63.48		  66.23		   0.69		   1.93		 596.34
735028.500000   	20120608   	120000		 132.73		  63.83		  66.21		   0.71		   1.99		 608.60
735029.500000   	20120609   	120000		 132.65		  63.77		  66.10		   0.73		   2.05		 606.85
735030.500000   	20120610   	120000		 132.56		  63.71		  66.02		   0.75		   2.08		 604.38
735031.500000   	20120611   	120000		 132.73		  63.85		  66.00		   0.76		   2.12		 606.22
735032.500000   	20120612   	120000		 133.21		  64.24		  66.01		   0.78		   2.17		 614.73
735033.500000   	20120613   	120000		 133.71		  64.66		  66.04		   0.79		   2.22		 623.45
735034.500000   	20120614   	120000		 133.66		  64.61		  65.95		   0.82		   2.28		 624.86
735035.500000   	20120615   	120000		 133.29		  64.31		  65.78		   0.84		   2.35		 620.41
735036.500000   	20120616   	120000		 132.90		  64.00		  65.63		   0.86		   2.41		 616.32
735037.500000   	20120617   	120000		 132.47		  63.66		  65.46		   0.88		   2.46		 612.43
735038.500000   	20120618   	120000		 131.97		  63.27		  65.33		   0.89		   2.48		 607.10
735039.500000   	20120619   	120000		 131.50		  62.91		  65.15		   0.91		   2.53		 603.37
735040.500000   	20120620   	120000		 131.32		  62.78		  65.05		   0.92		   2.57		 602.89
735041.500000   	20120621   	120000		 131.18		  62.70		  64.96		   0.93		   2.60		 601.10
735042.500000   	20120622   	120000		 131.04		  62.60		  64.87		   0.94		   2.63		 600.24
735043.500000   	20120623   	120000		 130.58		  62.24		  64.69		   0.96		   2.68		 595.26
735044.500000   	20120624   	120000		 130.18		  61.92		  64.55		   0.98		   2.73		 590.68
735045.500000   	20120625   	120000		 130.47		  62.19		  64.54		   0.99		   2.76		 599.92
735046.500000   	20120626   	120000		 130.22		  61.99		  64.45		   1.00		   2.79		 596.72
735047.500000   	20120627   	120000		 129.86		  61.70		  64.35		   1.00		   2.80		 592.99
735048.500000   	20120628   	120000		 129.44		  61.36		  64.21		   1.02		   2.85		 588.29
735049.500000   	20120629   	120000		 129.21		  61.19		  64.09		   1.04		   2.90		 589.07
735050.500000   	20120630   	120000		 128.97		  61.00		  63.96		   1.06		   2.96		 590.30
735051.500000   	20120701   	120000		 129.19		  61.21		  63.88		   1.08		   3.02		 605.76
735052.500000   	20120702   	120000		 129.38		  61.39		  63.83		   1.10		   3.06		 617.38
735053.500000   	20120703   	120000		 129.28		  61.32		  63.76		   1.11		   3.09		 618.27
735054.500000   	20120704   	120000		 129.01		  61.11		  63.69		   1.11		   3.10		 616.16
735055.500000   	20120705   	120000		 128.89		  61.02		  63.63		   1.12		   3.12		 615.44
735056.500000   	20120706   	120000		 129.12		  61.23		  63.64		   1.12		   3.14		 621.07
735057.500000   	20120707   	120000		 128.97		  61.12		  63.58		   1.13		   3.14		 620.33
735058.500000   	20120708   	120000		 128.93		  61.11		  63.56		   1.12		   3.14		 622.10
735059.500000   	20120709   	120000		 128.65		  60.89		  63.46		   1.13		   3.16		 618.29
735060.500000   	20120710   	120000		 128.38		  60.68		  63.37		   1.14		   3.18		 614.82
735061.500000   	20120711   	120000		 128.36		  60.68		  63.32		   1.15		   3.21		 617.99
735062.500000   	20120712   	120000		 128.22		  60.57		  63.26		   1.16		   3.23		 616.16
735063.500000   	20120713   	120000		 128.33		  60.66		  63.25		   1.16		   3.25		 616.32
735064.500000   	20120714   	120000		 128.55		  60.84		  63.26		   1.17		   3.27		 616.35
735065.500000   	20120715   	120000		 128.53		  60.83		  63.25		   1.17		   3.27		 614.98
735066.500000   	20120716   	120000		 128.40		  60.73		  63.22		   1.17		   3.27		 613.99
735067.500000   	20120717   	120000		 128.22		  60.58		  63.18		   1.18		   3.28		 611.03
735068.500000   	20120718   	120000		 127.95		  60.36		  63.12		   1.18		   3.29		 607.19
735069.500000   	20120719   	120000		 127.67		  60.13		  63.05		   1.18		   3.31		 603.88
735070.500000   	20120720   	120000		 127.57		  60.04		  63.00		   1.19		   3.34		 602.04
735071.500000   	20120721   	120000		 127.63		  60.08		  62.96		   1.21		   3.37		 602.93
735072.500000   	20120722   	120000		 127.48		  59.96		  62.90		   1.22		   3.40		 602.28
735073.500000   	20120723   	120000		 127.07		  59.63		  62.77		   1.23		   3.44		 597.88
735074.500000   	20120724   	120000		 126.64		  59.28		  62.62		   1.25		   3.49		 593.70
735075.500000   	20120725   	120000		 126.41		  59.10		  62.52		   1.26		   3.52		 593.44
735076.500000   	20120726   	120000		 126.10		  58.85		  62.43		   1.27		   3.55		 590.35
735077.500000   	20120727   	120000		 125.67		  58.50		  62.29		   1.29		   3.59		 586.05
735078.500000   	20120728   	120000		 125.60		  58.44		  62.23		   1.30		   3.63		 585.98
735079.500000   	20120729   	120000		 125.92		  58.71		  62.22		   1.32		   3.67		 592.18
735080.500000   	20120730   	120000		 125.69		  58.52		  62.13		   1.33		   3.71		 589.53
735081.500000   	20120731   	120000		 125.40		  58.28		  62.06		   1.33		   3.72		 585.98
735082.500000   	20120801   	120000		 125.03		  57.98		  61.97		   1.34		   3.74		 581.79
735083.500000   	20120802   	120000		 124.70		  57.70		  61.83		   1.36		   3.80		 577.60
735084.500000   	20120803   	120000		 124.56		  57.59		  61.77		   1.37		   3.83		 577.04
735085.500000   	20120804   	120000		 124.33		  57.39		  61.73		   1.37		   3.83		 573.51
735086.500000   	20120805   	120000		 124.38		  57.44		  61.72		   1.38		   3.85		 575.88
735087.500000   	20120806   	120000		 124.49		  57.52		  61.72		   1.39		   3.87		 578.05
735088.500000   	20120807   	120000		 124.59		  57.59		  61.72		   1.39		   3.88		 577.71
735089.500000   	20120808   	120000		 124.31		  57.36		  61.66		   1.40		   3.90		 574.73
735090.500000   	20120809   	120000		 123.99		  57.10		  61.56		   1.41		   3.92		 571.29
735091.500000   	20120810   	120000		 123.68		  56.85		  61.49		   1.41		   3.93		 568.17
735092.500000   	20120811   	120000		 123.38		  56.60		  61.43		   1.41		   3.94		 564.39
735093.500000   	20120812   	120000		 123.10		  56.37		  61.40		   1.41		   3.93		 560.84
735094.500000   	20120813   	120000		 122.89		  56.18		  61.36		   1.41		   3.94		 557.60
735095.500000   	20120814   	120000		 122.72		  56.02		  61.34		   1.41		   3.94		 555.87
735096.500000   	20120815   	120000		 122.51		  55.84		  61.31		   1.41		   3.94		 554.06
735097.500000   	20120816   	120000		 122.94		  56.21		  61.36		   1.42		   3.95		 566.62
735098.500000   	20120817   	120000		 122.62		  55.97		  61.30		   1.41		   3.94		 563.21
735099.500000   	20120818   	120000		 122.28		  55.70		  61.24		   1.41		   3.93		 559.52
735100.500000   	20120819   	120000		 121.89		  55.40		  61.18		   1.40		   3.91		 555.17
735101.500000   	20120820   	120000		 121.55		  55.12		  61.18		   1.39		   3.87		 550.31
735102.500000   	20120821   	120000		 121.37		  54.97		  61.22		   1.37		   3.82		 547.99
735103.500000   	20120822   	120000		 121.23		  54.85		  61.22		   1.36		   3.80		 546.26
735104.500000   	20120823   	120000		 121.09		  54.74		  61.19		   1.36		   3.81		 544.61
735105.500000   	20120824   	120000		 121.18		  54.81		  61.18		   1.37		   3.83		 547.80
735106.500000   	20120825   	120000		 121.60		  55.15		  61.24		   1.37		   3.83		 555.96
735107.500000   	20120826   	120000		 121.96		  55.44		  61.32		   1.37		   3.83		 555.63
735108.500000   	20120827   	120000		 121.90		  55.37		  61.31		   1.37		   3.84		 553.41
735109.500000   	20120828   	120000		 121.68		  55.19		  61.28		   1.37		   3.83		 550.20
735110.500000   	20120829   	120000		 121.57		  55.10		  61.28		   1.37		   3.82		 548.19
735111.500000   	20120830   	120000		 121.74		  55.22		  61.34		   1.37		   3.81		 551.28
735112.500000   	20120831   	120000		 122.56		  55.88		  61.51		   1.36		   3.81		 559.13
735113.500000   	20120901   	120000		 122.92		  56.17		  61.61		   1.36		   3.78		 565.68
735114.500000   	20120902   	120000		 122.93		  56.17		  61.64		   1.35		   3.77		 566.07
735115.500000   	20120903   	120000		 122.82		  56.07		  61.65		   1.34		   3.75		 564.86
735116.500000   	20120904   	120000		 122.71		  55.98		  61.66		   1.34		   3.73		 562.89
735117.500000   	20120905   	120000		 122.51		  55.82		  61.64		   1.33		   3.72		 560.01
735118.500000   	20120906   	120000		 122.36		  55.70		  61.61		   1.33		   3.72		 557.86
735119.500000   	20120907   	120000		 122.10		  55.50		  61.55		   1.33		   3.72		 555.10
735120.500000   	20120908   	120000		 121.81		  55.27		  61.48		   1.34		   3.73		 551.99
735121.500000   	20120909   	120000		 121.55		  55.05		  61.44		   1.33		   3.72		 548.75
735122.500000   	20120910   	120000		 121.31		  54.86		  61.37		   1.34		   3.75		 546.01
735123.500000   	20120911   	120000		 121.23		  54.79		  61.34		   1.35		   3.76		 544.31
735124.500000   	20120912   	120000		 121.84		  55.29		  61.45		   1.34		   3.75		 555.18
735125.500000   	20120913   	120000		 122.25		  55.60		  61.56		   1.34		   3.75		 555.94
735126.500000   	20120914   	120000		 122.22		  55.55		  61.57		   1.35		   3.75		 553.97
735127.500000   	20120915   	120000		 122.13		  55.46		  61.55		   1.35		   3.77		 552.79
735128.500000   	20120916   	120000		 121.98		  55.33		  61.51		   1.36		   3.79		 550.93
735129.500000   	20120917   	120000		 121.79		  55.16		  61.46		   1.36		   3.81		 548.56
735130.500000   	20120918   	120000		 121.62		  55.01		  61.42		   1.37		   3.82		 546.48
735131.500000   	20120919   	120000		 122.08		  55.39		  61.51		   1.36		   3.81		 555.74
735132.500000   	20120920   	120000		 122.14		  55.40		  61.55		   1.37		   3.82		 553.86
735133.500000   	20120921   	120000		 122.04		  55.31		  61.53		   1.37		   3.83		 551.52
735134.500000   	20120922   	120000		 122.59		  55.76		  61.61		   1.38		   3.85		 564.47
735135.500000   	20120923   	120000		 122.57		  55.74		  61.61		   1.38		   3.84		 563.57
735136.500000   	20120924   	120000		 122.97		  56.03		  61.71		   1.38		   3.85		 565.37
735137.500000   	20120925   	120000		 123.27		  56.26		  61.78		   1.38		   3.85		 565.94
735138.500000   	20120926   	120000		 123.72		  56.62		  61.90		   1.37		   3.83		 571.53
735139.500000   	20120927   	120000		 124.36		  57.14		  62.02		   1.37		   3.83		 580.53
735140.500000   	20120928   	120000		 124.41		  57.17		  62.04		   1.37		   3.83		 579.79
735141.500000   	20120929   	120000		 124.38		  57.13		  62.05		   1.37		   3.83		 578.59
735142.500000   	20120930   	120000		 124.52		  57.23		  62.10		   1.37		   3.82		 579.20
735143.500000   	20121001   	120000		 124.53		  57.23		  62.14		   1.36		   3.80		 578.39
735144.500000   	20121002   	120000		 124.53		  57.21		  62.14		   1.36		   3.81		 577.22
735145.500000   	20121003   	120000		 124.51		  57.18		  62.15		   1.37		   3.81		 576.15
735146.500000   	20121004   	120000		 124.85		  57.43		  62.24		   1.36		   3.81		 576.90
735147.500000   	20121005   	120000		 124.98		  57.53		  62.29		   1.36		   3.80		 578.49
735148.500000   	20121006   	120000		 124.99		  57.53		  62.33		   1.35		   3.78		 576.81
735149.500000   	20121007   	120000		 125.65		  58.07		  62.47		   1.35		   3.77		 588.53
735150.500000   	20121008   	120000		 125.74		  58.13		  62.52		   1.34		   3.75		 588.15
735151.500000   	20121009   	120000		 126.49		  58.75		  62.66		   1.34		   3.74		 599.20
735152.500000   	20121010   	120000		 127.01		  59.18		  62.76		   1.34		   3.73		 607.37
735153.500000   	20121011   	120000		 127.06		  59.22		  62.79		   1.33		   3.72		 607.59
735154.500000   	20121012   	120000		 127.42		  59.51		  62.88		   1.33		   3.71		 612.71
735155.500000   	20121013   	120000		 127.60		  59.64		  62.94		   1.32		   3.70		 613.66
735156.500000   	20121014   	120000		 127.83		  59.81		  63.02		   1.32		   3.67		 614.42
735157.500000   	20121015   	120000		 128.46		  60.33		  63.18		   1.31		   3.64		 619.34
735158.500000   	20121016   	120000		 128.69		  60.50		  63.28		   1.30		   3.62		 618.36
735159.500000   	20121017   	120000		 128.75		  60.53		  63.35		   1.29		   3.59		 617.41
735160.500000   	20121018   	120000		 128.74		  60.50		  63.40		   1.27		   3.56		 616.02
735161.500000   	20121019   	120000		 128.71		  60.46		  63.44		   1.27		   3.54		 614.26
735162.500000   	20121020   	120000		 128.73		  60.46		  63.53		   1.25		   3.50		 612.77
735163.500000   	20121021   	120000		 128.70		  60.42		  63.58		   1.24		   3.47		 611.10
735164.500000   	20121022   	120000		 128.60		  60.34		  63.58		   1.23		   3.45		 609.67
735165.500000   	20121023   	120000		 128.50		  60.26		  63.57		   1.23		   3.43		 608.53
735166.500000   	20121024   	120000		 128.40		  60.18		  63.58		   1.23		   3.42		 607.28
735167.500000   	20121025   	120000		 128.36		  60.13		  63.59		   1.22		   3.41		 606.38
735168.500000   	20121026   	120000		 128.45		  60.18		  63.64		   1.22		   3.41		 605.69
735169.500000   	20121027   	120000		 129.49		  61.01		  63.85		   1.22		   3.40		 620.59
735170.500000   	20121028   	120000		 130.01		  61.40		  64.00		   1.21		   3.39		 625.24
735171.500000   	20121029   	120000		 130.20		  61.53		  64.11		   1.20		   3.36		 624.76
735172.500000   	20121030   	120000		 130.35		  61.62		  64.23		   1.19		   3.31		 623.40
735173.500000   	20121031   	120000		 130.42		  61.66		  64.34		   1.17		   3.26		 622.65
735174.500000   	20121101   	120000		 130.74		  61.89		  64.49		   1.15		   3.21		 622.29
735175.500000   	20121102   	120000		 131.05		  62.13		  64.60		   1.14		   3.18		 624.90
735176.500000   	20121103   	120000		 131.75		  62.71		  64.79		   1.12		   3.13		 636.42
735177.500000   	20121104   	120000		 132.41		  63.25		  64.99		   1.10		   3.07		 647.23
735178.500000   	20121105   	120000		 133.49		  64.11		  65.28		   1.08		   3.01		 658.15
735179.500000   	20121106   	120000		 133.80		  64.35		  65.42		   1.06		   2.96		 660.02
735180.500000   	20121107   	120000		 133.88		  64.41		  65.50		   1.05		   2.92		 659.79
735181.500000   	20121108   	120000		 133.89		  64.41		  65.55		   1.04		   2.89		 658.78
735182.500000   	20121109   	120000		 133.86		  64.39		  65.62		   1.02		   2.84		 657.50
735183.500000   	20121110   	120000		 134.29		  64.73		  65.75		   1.00		   2.81		 662.21
735184.500000   	20121111   	120000		 135.28		  65.53		  66.00		   0.99		   2.76		 672.07
735185.500000   	20121112   	120000		 135.50		  65.69		  66.11		   0.97		   2.72		 673.48
735186.500000   	20121113   	120000		 135.51		  65.68		  66.17		   0.97		   2.70		 672.17
735187.500000   	20121114   	120000		 135.43		  65.61		  66.17		   0.96		   2.69		 671.14
735188.500000   	20121115   	120000		 135.31		  65.51		  66.17		   0.96		   2.67		 669.33
735189.500000   	20121116   	120000		 135.19		  65.41		  66.17		   0.95		   2.65		 667.57
735190.500000   	20121117   	120000		 135.06		  65.32		  66.18		   0.94		   2.63		 665.15
735191.500000   	20121118   	120000		 135.03		  65.28		  66.23		   0.93		   2.59		 663.23
735192.500000   	20121119   	120000		 134.98		  65.24		  66.28		   0.91		   2.55		 661.55
735193.500000   	20121120   	120000		 134.92		  65.19		  66.31		   0.90		   2.52		 659.83
735194.500000   	20121121   	120000		 134.85		  65.13		  66.33		   0.89		   2.49		 658.03
735195.500000   	20121122   	120000		 134.80		  65.09		  66.34		   0.89		   2.48		 656.93
735196.500000   	20121123   	120000		 134.78		  65.07		  66.36		   0.88		   2.46		 656.10
735197.500000   	20121124   	120000		 134.75		  65.05		  66.40		   0.87		   2.43		 653.96
735198.500000   	20121125   	120000		 134.71		  65.02		  66.44		   0.86		   2.40		 652.30
735199.500000   	20121126   	120000		 135.01		  65.27		  66.54		   0.85		   2.36		 657.89
735200.500000   	20121127   	120000		 135.54		  65.69		  66.68		   0.84		   2.33		 664.45
735201.500000   	20121128   	120000		 136.18		  66.20		  66.86		   0.82		   2.30		 671.70
735202.500000   	20121129   	120000		 137.40		  67.19		  67.12		   0.82		   2.28		 691.27
735203.500000   	20121130   	120000		 137.63		  67.37		  67.24		   0.80		   2.22		 693.16
735204.500000   	20121201   	120000		 137.62		  67.35		  67.32		   0.78		   2.17		 690.83
735205.500000   	20121202   	120000		 137.70		  67.42		  67.39		   0.76		   2.12		 691.28
735206.500000   	20121203   	120000		 137.89		  67.56		  67.52		   0.74		   2.07		 691.67
735207.500000   	20121204   	120000		 138.52		  68.05		  67.71		   0.73		   2.03		 695.02
735208.500000   	20121205   	120000		 138.80		  68.27		  67.84		   0.71		   1.98		 695.41
735209.500000   	20121206   	120000		 138.95		  68.39		  67.91		   0.70		   1.95		 695.64
735210.500000   	20121207   	120000		 139.00		  68.42		  67.96		   0.69		   1.92		 693.83
735211.500000   	20121208   	120000		 139.21		  68.57		  68.02		   0.69		   1.92		 694.94
735212.500000   	20121209   	120000		 139.28		  68.61		  68.09		   0.68		   1.90		 693.00
735213.500000   	20121210   	120000		 139.63		  68.88		  68.21		   0.67		   1.86		 697.10
735214.500000   	20121211   	120000		 139.80		  69.03		  68.30		   0.65		   1.83		 699.11
735215.500000   	20121212   	120000		 139.79		  69.01		  68.34		   0.64		   1.79		 697.94
735216.500000   	20121213   	120000		 139.72		  68.95		  68.39		   0.63		   1.75		 695.68
735217.500000   	20121214   	120000		 139.95		  69.14		  68.52		   0.60		   1.68		 697.74
735218.500000   	20121215   	120000		 140.87		  69.90		  68.76		   0.58		   1.63		 708.64
735219.500000   	20121216   	120000		 141.26		  70.21		  68.91		   0.57		   1.58		 712.08
735220.500000   	20121217   	120000		 141.71		  70.57		  69.04		   0.55		   1.55		 717.02
735221.500000   	20121218   	120000		 142.12		  70.90		  69.16		   0.54		   1.52		 721.94
735222.500000   	20121219   	120000		 142.23		  70.98		  69.23		   0.53		   1.49		 721.63
735223.500000   	20121220   	120000		 142.25		  70.99		  69.32		   0.51		   1.43		 719.03
735224.500000   	20121221   	120000		 142.68		  71.35		  69.46		   0.49		   1.38		 724.61
735225.500000   	20121222   	120000		 142.78		  71.42		  69.53		   0.48		   1.35		 722.25
735226.500000   	20121223   	120000		 143.92		  72.35		  69.79		   0.47		   1.31		 735.32
735227.500000   	20121224   	120000		 143.83		  72.27		  69.81		   0.46		   1.29		 729.91
735228.500000   	20121225   	120000		 143.68		  72.13		  69.83		   0.45		   1.27		 723.79
735229.500000   	20121226   	120000		 143.86		  72.27		  69.93		   0.44		   1.22		 723.22
735230.500000   	20121227   	120000		 144.32		  72.64		  70.10		   0.42		   1.17		 726.13
735231.500000   	20121228   	120000		 144.80		  73.04		  70.23		   0.40		   1.12		 733.23
735232.500000   	20121229   	120000		 144.58		  72.86		  70.25		   0.39		   1.09		 727.37
735233.500000   	20121230   	120000		 144.33		  72.65		  70.22		   0.39		   1.08		 721.92
735234.500000   	20121231   	120000		 144.11		  72.46		  70.21		   0.38		   1.06		 716.70
735235.500000   	20130101   	120000		 144.04		  72.40		  70.24		   0.37		   1.03		 712.21
735236.500000   	20130102   	120000		 144.08		  72.43		  70.28		   0.36		   1.01		 711.06
735237.500000   	20130103   	120000		 143.97		  72.33		  70.28		   0.36		   1.00		 707.87
735238.500000   	20130104   	120000		 143.91		  72.27		  70.30		   0.35		   0.99		 705.20
735239.500000   	20130105   	120000		 144.05		  72.37		  70.37		   0.35		   0.97		 702.47
735240.500000   	20130106   	120000		 144.04		  72.35		  70.39		   0.34		   0.96		 699.47
735241.500000   	20130107   	120000		 144.00		  72.30		  70.41		   0.34		   0.95		 696.90
735242.500000   	20130108   	120000		 143.85		  72.17		  70.42		   0.33		   0.92		 693.90
735243.500000   	20130109   	120000		 143.75		  72.08		  70.46		   0.32		   0.89		 691.09
735244.500000   	20130110   	120000		 143.69		  72.03		  70.49		   0.31		   0.86		 688.49
735245.500000   	20130111   	120000		 143.85		  72.16		  70.58		   0.29		   0.82		 688.77
735246.500000   	20130112   	120000		 143.78		  72.10		  70.64		   0.27		   0.77		 687.48
735247.500000   	20130113   	120000		 143.69		  72.03		  70.67		   0.26		   0.73		 685.31
735248.500000   	20130114   	120000		 143.74		  72.06		  70.74		   0.25		   0.69		 684.47
735249.500000   	20130115   	120000		 143.78		  72.08		  70.81		   0.23		   0.66		 682.54
735250.500000   	20130116   	120000		 143.88		  72.16		  70.89		   0.22		   0.62		 682.61
735251.500000   	20130117   	120000		 144.02		  72.26		  70.96		   0.21		   0.60		 682.90
735252.500000   	20130118   	120000		 144.07		  72.29		  71.03		   0.20		   0.55		 682.32
735253.500000   	20130119   	120000		 144.15		  72.33		  71.15		   0.18		   0.49		 680.87
735254.500000   	20130120   	120000		 144.45		  72.56		  71.27		   0.16		   0.46		 683.78
735255.500000   	20130121   	120000		 144.63		  72.70		  71.33		   0.16		   0.44		 683.46
735256.500000   	20130122   	120000		 144.73		  72.76		  71.37		   0.16		   0.44		 682.74
735257.500000   	20130123   	120000		 144.68		  72.72		  71.38		   0.15		   0.42		 681.16
735258.500000   	20130124   	120000		 144.65		  72.70		  71.42		   0.14		   0.39		 680.44
735259.500000   	20130125   	120000		 144.63		  72.67		  71.44		   0.14		   0.38		 678.98
735260.500000   	20130126   	120000		 144.60		  72.64		  71.49		   0.12		   0.35		 677.71
735261.500000   	20130127   	120000		 144.58		  72.62		  71.54		   0.11		   0.31		 676.20
735262.500000   	20130128   	120000		 144.84		  72.82		  71.65		   0.10		   0.27		 677.12
735263.500000   	20130129   	120000		 145.07		  73.00		  71.76		   0.08		   0.23		 678.52
735264.500000   	20130130   	120000		 145.40		  73.27		  71.88		   0.07		   0.18		 682.22
735265.500000   	20130131   	120000		 145.73		  73.53		  71.99		   0.06		   0.15		 688.28
735266.500000   	20130201   	120000		 146.01		  73.75		  72.08		   0.05		   0.14		 691.28
735267.500000   	20130202   	120000		 147.25		  74.76		  72.32		   0.04		   0.12		 710.78
735268.500000   	20130203   	120000		 147.49		  74.93		  72.38		   0.05		   0.13		 712.71
735269.500000   	20130204   	120000		 147.93		  75.30		  72.49		   0.04		   0.11		 718.90
735270.500000   	20130205   	120000		 148.12		  75.44		  72.57		   0.03		   0.08		 720.72
735271.500000   	20130206   	120000		 148.49		  75.74		  72.65		   0.03		   0.07		 725.20
735272.500000   	20130207   	120000		 148.60		  75.83		  72.70		   0.02		   0.05		 726.20
735273.500000   	20130208   	120000		 148.66		  75.88		  72.75		   0.01		   0.03		 727.28
735274.500000   	20130209   	120000		 148.63		  75.86		  72.77		   0.00		   0.00		 726.55
735275.500000   	20130210   	120000		 148.51		  75.76		  72.80		  -0.01		  -0.03		 723.20
735276.500000   	20130211   	120000		 148.50		  75.74		  72.90		  -0.04		  -0.10		 720.11
735277.500000   	20130212   	120000		 148.48		  75.73		  72.97		  -0.06		  -0.16		 717.31
735278.500000   	20130213   	120000		 148.35		  75.62		  72.99		  -0.07		  -0.19		 714.11
735279.500000   	20130214   	120000		 148.19		  75.48		  72.97		  -0.07		  -0.20		 711.04
735280.500000   	20130215   	120000		 148.14		  75.46		  72.97		  -0.07		  -0.21		 710.98
735281.500000   	20130216   	120000		 148.00		  75.35		  72.94		  -0.08		  -0.21		 709.07
735282.500000   	20130217   	120000		 147.83		  75.22		  72.91		  -0.08		  -0.22		 706.84
735283.500000   	20130218   	120000		 147.65		  75.09		  72.91		  -0.09		  -0.26		 704.48
735284.500000   	20130219   	120000		 147.54		  75.00		  72.92		  -0.10		  -0.28		 702.41
735285.500000   	20130220   	120000		 147.49		  74.95		  72.92		  -0.10		  -0.29		 701.66
735286.500000   	20130221   	120000		 147.35		  74.84		  72.90		  -0.10		  -0.29		 699.00
735287.500000   	20130222   	120000		 147.28		  74.78		  72.92		  -0.11		  -0.31		 697.70
735288.500000   	20130223   	120000		 147.26		  74.76		  72.94		  -0.12		  -0.33		 695.80
735289.500000   	20130224   	120000		 147.32		  74.80		  72.96		  -0.12		  -0.32		 694.95
735290.500000   	20130225   	120000		 147.31		  74.79		  72.95		  -0.11		  -0.32		 693.37
735291.500000   	20130226   	120000		 147.25		  74.75		  72.95		  -0.12		  -0.33		 691.84
735292.500000   	20130227   	120000		 147.18		  74.70		  72.92		  -0.12		  -0.32		 691.77
735293.500000   	20130228   	120000		 147.07		  74.61		  72.88		  -0.11		  -0.32		 690.91
735294.500000   	20130301   	120000		 146.94		  74.53		  72.85		  -0.12		  -0.32		 689.27
735295.500000   	20130302   	120000		 146.80		  74.42		  72.80		  -0.11		  -0.30		 687.82
735296.500000   	20130303   	120000		 146.65		  74.29		  72.74		  -0.10		  -0.28		 686.23
735297.500000   	20130304   	120000		 146.49		  74.16		  72.68		  -0.09		  -0.26		 684.67
735298.500000   	20130305   	120000		 146.42		  74.08		  72.68		  -0.09		  -0.25		 683.09
735299.500000   	20130306   	120000		 146.41		  74.05		  72.67		  -0.08		  -0.23		 681.97
735300.500000   	20130307   	120000		 146.48		  74.08		  72.69		  -0.08		  -0.22		 681.47
735301.500000   	20130308   	120000		 146.55		  74.12		  72.70		  -0.07		  -0.20		 680.40
735302.500000   	20130309   	120000		 146.70		  74.23		  72.73		  -0.07		  -0.19		 680.64
735303.500000   	20130310   	120000		 146.79		  74.29		  72.76		  -0.07		  -0.19		 680.79
735304.500000   	20130311   	120000		 146.85		  74.32		  72.79		  -0.07		  -0.20		 680.25
735305.500000   	20130312   	120000		 147.00		  74.44		  72.84		  -0.07		  -0.21		 682.24
735306.500000   	20130313   	120000		 147.10		  74.51		  72.88		  -0.08		  -0.22		 682.40
735307.500000   	20130314   	120000		 147.12		  74.51		  72.91		  -0.08		  -0.22		 681.42
735308.500000   	20130315   	120000		 147.16		  74.52		  72.94		  -0.08		  -0.22		 681.40
735309.500000   	20130316   	120000		 147.00		  74.39		  72.93		  -0.08		  -0.23		 679.72
735310.500000   	20130317   	120000		 147.07		  74.45		  72.98		  -0.10		  -0.27		 681.13
735311.500000   	20130318   	120000		 147.57		  74.86		  73.12		  -0.11		  -0.30		 686.79
735312.500000   	20130319   	120000		 147.76		  75.02		  73.20		  -0.12		  -0.34		 687.93
735313.500000   	20130320   	120000		 147.78		  75.05		  73.25		  -0.14		  -0.38		 687.70
735314.500000   	20130321   	120000		 147.78		  75.05		  73.26		  -0.14		  -0.39		 687.03
735315.500000   	20130322   	120000		 147.65		  74.94		  73.26		  -0.14		  -0.40		 684.75
735316.500000   	20130323   	120000		 147.52		  74.83		  73.28		  -0.16		  -0.43		 683.02
735317.500000   	20130324   	120000		 147.46		  74.79		  73.32		  -0.17		  -0.48		 681.99
735318.500000   	20130325   	120000		 147.46		  74.79		  73.34		  -0.18		  -0.49		 683.45
735319.500000   	20130326   	120000		 147.47		  74.80		  73.38		  -0.19		  -0.52		 683.99
735320.500000   	20130327   	120000		 147.40		  74.74		  73.35		  -0.18		  -0.51		 683.63
735321.500000   	20130328   	120000		 147.28		  74.64		  73.32		  -0.18		  -0.50		 681.61
735322.500000   	20130329   	120000		 147.44		  74.77		  73.33		  -0.17		  -0.49		 682.82
735323.500000   	20130330   	120000		 147.56		  74.86		  73.37		  -0.18		  -0.50		 683.16
735324.500000   	20130331   	120000		 147.75		  75.01		  73.41		  -0.18		  -0.50		 683.56
735325.500000   	20130401   	120000		 147.62		  74.89		  73.37		  -0.17		  -0.47		 681.59
735326.500000   	20130402   	120000		 147.42		  74.74		  73.29		  -0.16		  -0.44		 679.88
735327.500000   	20130403   	120000		 147.25		  74.60		  73.21		  -0.15		  -0.42		 678.31
735328.500000   	20130404   	120000		 147.06		  74.44		  73.17		  -0.15		  -0.41		 675.69
735329.500000   	20130405   	120000		 146.96		  74.38		  73.18		  -0.16		  -0.44		 673.89
735330.500000   	20130406   	120000		 146.80		  74.25		  73.11		  -0.15		  -0.41		 672.13
735331.500000   	20130407   	120000		 146.57		  74.07		  73.02		  -0.14		  -0.38		 670.60
735332.500000   	20130408   	120000		 146.36		  73.90		  72.92		  -0.12		  -0.34		 668.83
735333.500000   	20130409   	120000		 146.39		  73.93		  72.87		  -0.11		  -0.31		 671.03
735334.500000   	20130410   	120000		 146.48		  74.04		  72.86		  -0.11		  -0.30		 676.32
735335.500000   	20130411   	120000		 146.68		  74.22		  72.89		  -0.11		  -0.31		 680.55
735336.500000   	20130412   	120000		 147.16		  74.64		  72.95		  -0.11		  -0.32		 688.44
735337.500000   	20130413   	120000		 147.00		  74.52		  72.87		  -0.10		  -0.29		 687.45
735338.500000   	20130414   	120000		 146.65		  74.24		  72.72		  -0.08		  -0.23		 683.76
735339.500000   	20130415   	120000		 146.18		  73.87		  72.55		  -0.06		  -0.18		 679.02
735340.500000   	20130416   	120000		 145.82		  73.59		  72.41		  -0.05		  -0.13		 676.18
735341.500000   	20130417   	120000		 145.42		  73.28		  72.28		  -0.04		  -0.10		 672.76
735342.500000   	20130418   	120000		 144.98		  72.95		  72.16		  -0.03		  -0.09		 669.83
735343.500000   	20130419   	120000		 144.75		  72.78		  72.09		  -0.03		  -0.09		 667.90
735344.500000   	20130420   	120000		 145.01		  73.03		  72.11		  -0.03		  -0.09		 673.36
735345.500000   	20130421   	120000		 144.75		  72.83		  71.99		  -0.02		  -0.05		 672.36
735346.500000   	20130422   	120000		 144.41		  72.57		  71.87		  -0.01		  -0.02		 669.58
735347.500000   	20130423   	120000		 144.05		  72.29		  71.75		   0.01		   0.02		 666.55
735348.500000   	20130424   	120000		 143.61		  71.93		  71.61		   0.02		   0.05		 662.35
735349.500000   	20130425   	120000		 143.11		  71.52		  71.46		   0.03		   0.09		 657.18
735350.500000   	20130426   	120000		 142.70		  71.19		  71.32		   0.05		   0.14		 652.75
735351.500000   	20130427   	120000		 143.49		  71.84		  71.39		   0.07		   0.19		 672.10
735352.500000   	20130428   	120000		 143.64		  71.97		  71.37		   0.08		   0.23		 675.77
735353.500000   	20130429   	120000		 143.47		  71.83		  71.30		   0.09		   0.24		 674.08
735354.500000   	20130430   	120000		 143.36		  71.75		  71.21		   0.11		   0.29		 674.34
735355.500000   	20130501   	120000		 143.19		  71.62		  71.10		   0.12		   0.35		 674.03
735356.500000   	20130502   	120000		 142.95		  71.44		  71.01		   0.13		   0.37		 672.56
735357.500000   	20130503   	120000		 142.99		  71.48		  70.98		   0.14		   0.39		 673.02
735358.500000   	20130504   	120000		 143.05		  71.55		  70.93		   0.15		   0.42		 680.62
735359.500000   	20130505   	120000		 142.64		  71.23		  70.79		   0.16		   0.45		 677.61
735360.500000   	20130506   	120000		 142.25		  70.94		  70.68		   0.17		   0.46		 673.29
735361.500000   	20130507   	120000		 142.23		  70.96		  70.62		   0.17		   0.48		 682.67
735362.500000   	20130508   	120000		 141.88		  70.70		  70.52		   0.17		   0.48		 678.27
735363.500000   	20130509   	120000		 141.62		  70.51		  70.43		   0.18		   0.50		 677.44
735364.500000   	20130510   	120000		 141.78		  70.67		  70.40		   0.19		   0.53		 682.83
735365.500000   	20130511   	120000		 141.63		  70.55		  70.31		   0.20		   0.57		 680.00
735366.500000   	20130512   	120000		 141.46		  70.42		  70.21		   0.22		   0.62		 677.92
735367.500000   	20130513   	120000		 141.25		  70.25		  70.09		   0.24		   0.67		 675.65
735368.500000   	20130514   	120000		 140.92		  69.98		  69.95		   0.26		   0.73		 672.15
735369.500000   	20130515   	120000		 140.69		  69.80		  69.85		   0.27		   0.77		 668.52
735370.500000   	20130516   	120000		 140.83		  69.93		  69.84		   0.28		   0.78		 670.02
735371.500000   	20130517   	120000		 141.06		  70.14		  69.82		   0.29		   0.81		 674.92
735372.500000   	20130518   	120000		 140.95		  70.05		  69.74		   0.30		   0.85		 671.44
735373.500000   	20130519   	120000		 140.81		  69.95		  69.64		   0.32		   0.89		 668.68
735374.500000   	20130520   	120000		 140.91		  70.07		  69.62		   0.32		   0.90		 667.47
735375.500000   	20130521   	120000		 140.92		  70.09		  69.55		   0.34		   0.94		 668.73
735376.500000   	20130522   	120000		 141.04		  70.20		  69.51		   0.35		   0.98		 671.83
735377.500000   	20130523   	120000		 140.94		  70.11		  69.43		   0.37		   1.03		 669.77
735378.500000   	20130524   	120000		 140.95		  70.12		  69.37		   0.39		   1.08		 670.90
735379.500000   	20130525   	120000		 140.82		  70.01		  69.32		   0.39		   1.09		 669.70
735380.500000   	20130526   	120000		 140.87		  70.06		  69.28		   0.40		   1.13		 670.34
735381.500000   	20130527   	120000		 140.93		  70.12		  69.22		   0.42		   1.17		 673.47
735382.500000   	20130528   	120000		 140.57		  69.83		  69.14		   0.42		   1.18		 668.18
735383.500000   	20130529   	120000		 140.89		  70.12		  69.15		   0.42		   1.19		 678.50
735384.500000   	20130530   	120000		 140.79		  70.07		  69.09		   0.43		   1.20		 677.69
735385.500000   	20130531   	120000		 141.74		  70.87		  69.22		   0.43		   1.21		 697.48
735386.500000   	20130601   	120000		 142.79		  71.80		  69.31		   0.45		   1.25		 730.52
735387.500000   	20130602   	120000		 143.04		  72.00		  69.30		   0.46		   1.28		 728.64
735388.500000   	20130603   	120000		 142.72		  71.74		  69.19		   0.47		   1.32		 720.24
735389.500000   	20130604   	120000		 142.20		  71.32		  69.02		   0.49		   1.36		 713.21
735390.500000   	20130605   	120000		 141.57		  70.82		  68.82		   0.51		   1.42		 705.05
735391.500000   	20130606   	120000		 140.91		  70.30		  68.62		   0.52		   1.46		 697.09
735392.500000   	20130607   	120000		 140.24		  69.78		  68.44		   0.53		   1.49		 689.64
735393.500000   	20130608   	120000		 139.68		  69.35		  68.26		   0.55		   1.52		 685.56
735394.500000   	20130609   	120000		 139.45		  69.18		  68.15		   0.56		   1.56		 684.05
735395.500000   	20130610   	120000		 139.55		  69.29		  68.08		   0.58		   1.61		 683.78
735396.500000   	20130611   	120000		 139.48		  69.25		  67.98		   0.59		   1.66		 686.07
735397.500000   	20130612   	120000		 139.07		  68.93		  67.83		   0.61		   1.70		 682.58
735398.500000   	20130613   	120000		 138.53		  68.50		  67.63		   0.63		   1.76		 676.63
735399.500000   	20130614   	120000		 138.39		  68.41		  67.52		   0.65		   1.81		 675.54
735400.500000   	20130615   	120000		 137.86		  68.00		  67.33		   0.67		   1.86		 670.56
735401.500000   	20130616   	120000		 137.25		  67.52		  67.10		   0.69		   1.94		 664.27
735402.500000   	20130617   	120000		 136.57		  66.99		  66.88		   0.71		   1.99		 657.70
735403.500000   	20130618   	120000		 136.00		  66.53		  66.70		   0.73		   2.04		 651.18
735404.500000   	20130619   	120000		 135.39		  66.04		  66.50		   0.75		   2.10		 644.44
735405.500000   	20130620   	120000		 135.03		  65.77		  66.33		   0.77		   2.16		 639.70
735406.500000   	20130621   	120000		 135.07		  65.83		  66.25		   0.79		   2.20		 639.91
735407.500000   	20130622   	120000		 134.70		  65.54		  66.09		   0.81		   2.26		 635.86
735408.500000   	20130623   	120000		 134.36		  65.27		  65.94		   0.83		   2.32		 632.04
735409.500000   	20130624   	120000		 134.40		  65.32		  65.92		   0.83		   2.33		 631.10
735410.500000   	20130625   	120000		 134.47		  65.38		  65.92		   0.83		   2.33		 630.86
735411.500000   	20130626   	120000		 134.26		  65.24		  65.86		   0.84		   2.33		 629.38
735412.500000   	20130627   	120000		 134.00		  65.03		  65.78		   0.84		   2.35		 627.66
735413.500000   	20130628   	120000		 133.83		  64.90		  65.70		   0.85		   2.38		 626.25
735414.500000   	20130629   	120000		 134.00		  65.05		  65.67		   0.86		   2.41		 631.31
735415.500000   	20130630   	120000		 133.82		  64.91		  65.59		   0.88		   2.44		 631.45
735416.500000   	20130701   	120000		 133.33		  64.52		  65.44		   0.89		   2.48		 626.48
735417.500000   	20130702   	120000		 132.86		  64.17		  65.31		   0.89		   2.49		 621.92
735418.500000   	20130703   	120000		 132.99		  64.32		  65.26		   0.90		   2.51		 630.25
735419.500000   	20130704   	120000		 132.80		  64.19		  65.15		   0.91		   2.54		 630.55
735420.500000   	20130705   	120000		 132.32		  63.84		  64.98		   0.92		   2.58		 626.94
735421.500000   	20130706   	120000		 131.79		  63.44		  64.81		   0.94		   2.61		 622.25
735422.500000   	20130707   	120000		 131.20		  62.98		  64.64		   0.94		   2.64		 616.58
735423.500000   	20130708   	120000		 130.64		  62.53		  64.50		   0.95		   2.66		 611.48
735424.500000   	20130709   	120000		 130.05		  62.08		  64.35		   0.96		   2.67		 605.81
735425.500000   	20130710   	120000		 129.52		  61.67		  64.18		   0.97		   2.70		 600.62
735426.500000   	20130711   	120000		 129.04		  61.29		  64.02		   0.98		   2.74		 595.77
735427.500000   	20130712   	120000		 128.55		  60.90		  63.87		   1.00		   2.78		 590.60
735428.500000   	20130713   	120000		 128.04		  60.50		  63.68		   1.02		   2.84		 585.22
735429.500000   	20130714   	120000		 127.54		  60.10		  63.51		   1.04		   2.89		 579.93
735430.500000   	20130715   	120000		 126.99		  59.67		  63.37		   1.04		   2.91		 574.46
735431.500000   	20130716   	120000		 126.45		  59.24		  63.24		   1.04		   2.92		 569.01
735432.500000   	20130717   	120000		 125.92		  58.83		  63.08		   1.06		   2.95		 563.56
735433.500000   	20130718   	120000		 125.50		  58.51		  62.94		   1.07		   2.98		 560.23
735434.500000   	20130719   	120000		 125.08		  58.18		  62.83		   1.07		   2.99		 556.21
735435.500000   	20130720   	120000		 124.72		  57.89		  62.73		   1.08		   3.02		 551.88
735436.500000   	20130721   	120000		 124.23		  57.51		  62.60		   1.09		   3.03		 546.99
735437.500000   	20130722   	120000		 123.76		  57.13		  62.48		   1.09		   3.05		 542.09
735438.500000   	20130723   	120000		 123.34		  56.81		  62.37		   1.10		   3.07		 539.31
735439.500000   	20130724   	120000		 123.14		  56.65		  62.28		   1.11		   3.09		 539.14
735440.500000   	20130725   	120000		 123.04		  56.59		  62.23		   1.11		   3.11		 542.27
735441.500000   	20130726   	120000		 122.86		  56.45		  62.15		   1.12		   3.14		 541.62
735442.500000   	20130727   	120000		 122.58		  56.23		  62.07		   1.13		   3.15		 538.30
735443.500000   	20130728   	120000		 122.41		  56.10		  62.01		   1.14		   3.17		 536.62
735444.500000   	20130729   	120000		 123.18		  56.77		  62.07		   1.15		   3.20		 559.14
735445.500000   	20130730   	120000		 123.42		  56.96		  62.06		   1.16		   3.25		 564.34
735446.500000   	20130731   	120000		 123.11		  56.69		  61.96		   1.18		   3.28		 560.28
735447.500000   	20130801   	120000		 122.67		  56.32		  61.84		   1.19		   3.32		 555.50
735448.500000   	20130802   	120000		 122.13		  55.89		  61.68		   1.20		   3.36		 549.92
735449.500000   	20130803   	120000		 121.69		  55.54		  61.54		   1.22		   3.40		 545.14
735450.500000   	20130804   	120000		 121.42		  55.32		  61.42		   1.23		   3.44		 543.95
735451.500000   	20130805   	120000		 121.09		  55.06		  61.31		   1.25		   3.48		 540.12
735452.500000   	20130806   	120000		 120.82		  54.83		  61.24		   1.25		   3.50		 536.95
735453.500000   	20130807   	120000		 120.90		  54.90		  61.25		   1.25		   3.49		 540.50
735454.500000   	20130808   	120000		 120.96		  54.96		  61.24		   1.25		   3.50		 545.28
735455.500000   	20130809   	120000		 120.92		  54.94		  61.19		   1.26		   3.52		 547.27
735456.500000   	20130810   	120000		 120.80		  54.84		  61.16		   1.27		   3.53		 544.73
735457.500000   	20130811   	120000		 120.48		  54.59		  61.07		   1.27		   3.55		 541.88
735458.500000   	20130812   	120000		 120.14		  54.30		  60.97		   1.28		   3.58		 538.24
735459.500000   	20130813   	120000		 120.00		  54.20		  60.90		   1.29		   3.61		 537.78
735460.500000   	20130814   	120000		 119.77		  54.00		  60.82		   1.31		   3.65		 534.83
735461.500000   	20130815   	120000		 119.46		  53.75		  60.76		   1.31		   3.65		 531.65
735462.500000   	20130816   	120000		 119.14		  53.49		  60.72		   1.30		   3.63		 528.02
735463.500000   	20130817   	120000		 118.83		  53.23		  60.65		   1.30		   3.64		 524.49
735464.500000   	20130818   	120000		 118.53		  52.99		  60.57		   1.31		   3.66		 520.75
735465.500000   	20130819   	120000		 118.48		  52.95		  60.52		   1.32		   3.69		 521.02
735466.500000   	20130820   	120000		 118.40		  52.87		  60.46		   1.34		   3.73		 519.02
735467.500000   	20130821   	120000		 118.10		  52.63		  60.36		   1.35		   3.77		 515.79
735468.500000   	20130822   	120000		 117.80		  52.38		  60.26		   1.36		   3.80		 512.46
735469.500000   	20130823   	120000		 117.55		  52.17		  60.18		   1.37		   3.83		 509.36
735470.500000   	20130824   	120000		 117.45		  52.09		  60.11		   1.39		   3.87		 507.64
735471.500000   	20130825   	120000		 117.82		  52.39		  60.15		   1.39		   3.88		 512.07
735472.500000   	20130826   	120000		 117.98		  52.52		  60.16		   1.40		   3.90		 514.48
735473.500000   	20130827   	120000		 117.97		  52.51		  60.13		   1.41		   3.92		 514.95
735474.500000   	20130828   	120000		 118.04		  52.57		  60.14		   1.41		   3.92		 516.57
735475.500000   	20130829   	120000		 117.90		  52.45		  60.13		   1.41		   3.92		 514.42
735476.500000   	20130830   	120000		 117.66		  52.25		  60.09		   1.41		   3.92		 511.39
735477.500000   	20130831   	120000		 117.42		  52.05		  60.04		   1.41		   3.93		 508.45
735478.500000   	20130901   	120000		 117.29		  51.94		  59.99		   1.41		   3.95		 507.14
735479.500000   	20130902   	120000		 117.12		  51.79		  59.96		   1.42		   3.95		 504.98
735480.500000   	20130903   	120000		 116.94		  51.63		  59.94		   1.42		   3.96		 501.98
735481.500000   	20130904   	120000		 116.68		  51.42		  59.87		   1.42		   3.97		 499.12
735482.500000   	20130905   	120000		 116.41		  51.21		  59.80		   1.43		   3.98		 495.96
735483.500000   	20130906   	120000		 116.17		  51.01		  59.74		   1.43		   3.99		 492.98
735484.500000   	20130907   	120000		 116.10		  50.95		  59.70		   1.43		   4.01		 493.89
735485.500000   	20130908   	120000		 116.59		  51.37		  59.76		   1.44		   4.02		 504.36
735486.500000   	20130909   	120000		 117.17		  51.85		  59.85		   1.44		   4.02		 514.31
735487.500000   	20130910   	120000		 117.23		  51.91		  59.87		   1.44		   4.02		 514.42
735488.500000   	20130911   	120000		 117.45		  52.07		  59.92		   1.44		   4.02		 514.47
735489.500000   	20130912   	120000		 117.86		  52.43		  59.98		   1.44		   4.02		 524.76
735490.500000   	20130913   	120000		 117.98		  52.51		  60.01		   1.44		   4.02		 525.88
735491.500000   	20130914   	120000		 118.09		  52.59		  60.03		   1.44		   4.03		 525.15
735492.500000   	20130915   	120000		 118.42		  52.85		  60.08		   1.45		   4.04		 528.19
735493.500000   	20130916   	120000		 118.58		  52.99		  60.12		   1.44		   4.03		 529.91
735494.500000   	20130917   	120000		 118.89		  53.23		  60.18		   1.44		   4.03		 531.79
735495.500000   	20130918   	120000		 119.43		  53.67		  60.27		   1.45		   4.04		 538.63
735496.500000   	20130919   	120000		 119.69		  53.88		  60.32		   1.45		   4.04		 541.80
735497.500000   	20130920   	120000		 119.61		  53.81		  60.30		   1.45		   4.05		 540.79
735498.500000   	20130921   	120000		 119.51		  53.73		  60.30		   1.45		   4.04		 539.40
735499.500000   	20130922   	120000		 119.38		  53.62		  60.28		   1.45		   4.04		 537.76
735500.500000   	20130923   	120000		 119.28		  53.52		  60.28		   1.45		   4.04		 535.92
735501.500000   	20130924   	120000		 119.16		  53.41		  60.29		   1.44		   4.02		 534.13
735502.500000   	20130925   	120000		 119.01		  53.28		  60.28		   1.44		   4.02		 532.08
735503.500000   	20130926   	120000		 118.95		  53.22		  60.25		   1.45		   4.04		 530.97
735504.500000   	20130927   	120000		 118.93		  53.18		  60.21		   1.46		   4.07		 530.36
735505.500000   	20130928   	120000		 118.87		  53.12		  60.20		   1.46		   4.08		 529.34
735506.500000   	20130929   	120000		 118.90		  53.14		  60.24		   1.46		   4.07		 528.28
735507.500000   	20130930   	120000		 119.05		  53.25		  60.29		   1.46		   4.06		 527.49
735508.500000   	20131001   	120000		 119.07		  53.25		  60.34		   1.45		   4.04		 526.56
735509.500000   	20131002   	120000		 119.01		  53.20		  60.36		   1.44		   4.01		 525.62
735510.500000   	20131003   	120000		 118.94		  53.13		  60.36		   1.44		   4.01		 524.35
735511.500000   	20131004   	120000		 118.98		  53.16		  60.39		   1.43		   3.99		 524.25
735512.500000   	20131005   	120000		 119.50		  53.58		  60.52		   1.42		   3.97		 532.18
735513.500000   	20131006   	120000		 119.95		  53.95		  60.60		   1.42		   3.97		 539.95
735514.500000   	20131007   	120000		 119.97		  53.97		  60.63		   1.42		   3.95		 540.09
735515.500000   	20131008   	120000		 119.95		  53.94		  60.65		   1.41		   3.94		 539.35
735516.500000   	20131009   	120000		 119.96		  53.94		  60.66		   1.42		   3.95		 538.86
735517.500000   	20131010   	120000		 120.39		  54.28		  60.74		   1.41		   3.95		 546.60
735518.500000   	20131011   	120000		 120.76		  54.58		  60.83		   1.41		   3.94		 548.07
735519.500000   	20131012   	120000		 120.94		  54.72		  60.88		   1.41		   3.93		 548.39
735520.500000   	20131013   	120000		 121.07		  54.82		  60.92		   1.41		   3.93		 549.31
735521.500000   	20131014   	120000		 121.17		  54.92		  60.93		   1.40		   3.92		 553.48
735522.500000   	20131015   	120000		 121.37		  55.09		  61.00		   1.39		   3.88		 556.53
735523.500000   	20131016   	120000		 121.99		  55.62		  61.15		   1.38		   3.84		 568.20
735524.500000   	20131017   	120000		 122.06		  55.67		  61.19		   1.37		   3.83		 567.82
735525.500000   	20131018   	120000		 122.06		  55.66		  61.20		   1.37		   3.83		 566.98
735526.500000   	20131019   	120000		 122.01		  55.61		  61.18		   1.38		   3.84		 565.79
735527.500000   	20131020   	120000		 122.07		  55.66		  61.20		   1.37		   3.84		 565.90
735528.500000   	20131021   	120000		 122.15		  55.71		  61.23		   1.37		   3.83		 565.64
735529.500000   	20131022   	120000		 122.17		  55.72		  61.25		   1.37		   3.83		 564.80
735530.500000   	20131023   	120000		 122.56		  56.03		  61.33		   1.37		   3.82		 567.02
735531.500000   	20131024   	120000		 122.80		  56.22		  61.41		   1.36		   3.81		 567.26
735532.500000   	20131025   	120000		 122.81		  56.22		  61.43		   1.36		   3.80		 566.53
735533.500000   	20131026   	120000		 122.84		  56.23		  61.44		   1.36		   3.80		 565.36
735534.500000   	20131027   	120000		 123.10		  56.44		  61.51		   1.36		   3.79		 569.58
735535.500000   	20131028   	120000		 123.22		  56.52		  61.56		   1.35		   3.78		 569.45
735536.500000   	20131029   	120000		 123.41		  56.69		  61.62		   1.35		   3.76		 573.61
735537.500000   	20131030   	120000		 123.48		  56.74		  61.64		   1.35		   3.76		 573.10
735538.500000   	20131031   	120000		 123.44		  56.71		  61.66		   1.34		   3.73		 572.46
735539.500000   	20131101   	120000		 123.38		  56.68		  61.72		   1.31		   3.67		 571.86
735540.500000   	20131102   	120000		 123.67		  56.93		  61.84		   1.29		   3.61		 574.25
735541.500000   	20131103   	120000		 124.26		  57.41		  61.99		   1.28		   3.58		 582.67
735542.500000   	20131104   	120000		 124.64		  57.71		  62.12		   1.27		   3.54		 586.50
735543.500000   	20131105   	120000		 124.97		  57.97		  62.26		   1.25		   3.50		 589.05
735544.500000   	20131106   	120000		 125.47		  58.36		  62.43		   1.23		   3.44		 593.37
735545.500000   	20131107   	120000		 125.66		  58.51		  62.53		   1.22		   3.40		 594.26
735546.500000   	20131108   	120000		 125.85		  58.66		  62.61		   1.21		   3.37		 594.60
735547.500000   	20131109   	120000		 126.31		  59.03		  62.73		   1.20		   3.35		 599.86
735548.500000   	20131110   	120000		 126.85		  59.46		  62.87		   1.19		   3.33		 605.72
735549.500000   	20131111   	120000		 127.13		  59.69		  62.97		   1.18		   3.29		 609.44
735550.500000   	20131112   	120000		 127.10		  59.67		  63.01		   1.16		   3.25		 609.16
735551.500000   	20131113   	120000		 127.11		  59.69		  63.06		   1.15		   3.21		 609.55
735552.500000   	20131114   	120000		 127.11		  59.69		  63.10		   1.14		   3.19		 609.48
735553.500000   	20131115   	120000		 127.29		  59.83		  63.18		   1.13		   3.16		 609.44
735554.500000   	20131116   	120000		 127.31		  59.84		  63.23		   1.12		   3.12		 609.11
735555.500000   	20131117   	120000		 127.31		  59.84		  63.26		   1.11		   3.10		 609.41
735556.500000   	20131118   	120000		 127.30		  59.83		  63.30		   1.10		   3.07		 608.47
735557.500000   	20131119   	120000		 127.38		  59.89		  63.36		   1.09		   3.04		 608.04
735558.500000   	20131120   	120000		 127.84		  60.27		  63.50		   1.07		   2.99		 613.89
735559.500000   	20131121   	120000		 128.06		  60.46		  63.60		   1.06		   2.95		 616.32
735560.500000   	20131122   	120000		 128.33		  60.69		  63.69		   1.04		   2.91		 621.77
735561.500000   	20131123   	120000		 128.45		  60.78		  63.77		   1.03		   2.87		 623.13
735562.500000   	20131124   	120000		 128.58		  60.89		  63.85		   1.01		   2.83		 624.34
735563.500000   	20131125   	120000		 128.65		  60.94		  63.92		   1.00		   2.79		 624.25
735564.500000   	20131126   	120000		 128.66		  60.95		  63.97		   0.99		   2.75		 624.05
735565.500000   	20131127   	120000		 128.66		  60.96		  64.04		   0.97		   2.70		 623.71
735566.500000   	20131128   	120000		 128.65		  60.95		  64.08		   0.96		   2.67		 623.31
735567.500000   	20131129   	120000		 128.66		  60.96		  64.08		   0.96		   2.67		 623.63
735568.500000   	20131130   	120000		 128.90		  61.14		  64.13		   0.95		   2.66		 626.40
735569.500000   	20131201   	120000		 128.93		  61.16		  64.17		   0.95		   2.65		 626.74
735570.500000   	20131202   	120000		 128.92		  61.16		  64.20		   0.94		   2.63		 626.49
735571.500000   	20131203   	120000		 128.90		  61.13		  64.22		   0.93		   2.61		 625.60
735572.500000   	20131204   	120000		 128.86		  61.10		  64.23		   0.93		   2.60		 625.15
735573.500000   	20131205   	120000		 128.88		  61.11		  64.25		   0.93		   2.59		 624.91
735574.500000   	20131206   	120000		 129.03		  61.22		  64.32		   0.92		   2.58		 626.91
735575.500000   	20131207   	120000		 129.06		  61.23		  64.36		   0.91		   2.55		 626.57
735576.500000   	20131208   	120000		 129.05		  61.23		  64.39		   0.91		   2.53		 626.15
735577.500000   	20131209   	120000		 129.09		  61.25		  64.43		   0.90		   2.51		 625.80
735578.500000   	20131210   	120000		 129.09		  61.25		  64.48		   0.89		   2.47		 625.47
735579.500000   	20131211   	120000		 129.08		  61.24		  64.50		   0.88		   2.46		 625.03
735580.500000   	20131212   	120000		 129.07		  61.23		  64.54		   0.87		   2.43		 624.66
735581.500000   	20131213   	120000		 129.06		  61.22		  64.58		   0.86		   2.40		 624.26
735582.500000   	20131214   	120000		 129.10		  61.25		  64.63		   0.85		   2.36		 624.35
735583.500000   	20131215   	120000		 129.08		  61.25		  64.69		   0.83		   2.31		 624.09
735584.500000   	20131216   	120000		 129.01		  61.20		  64.75		   0.80		   2.25		 623.39
735585.500000   	20131217   	120000		 128.92		  61.14		  64.78		   0.79		   2.21		 621.46
735586.500000   	20131218   	120000		 128.86		  61.10		  64.80		   0.78		   2.18		 620.46
735587.500000   	20131219   	120000		 129.02		  61.23		  64.88		   0.77		   2.14		 620.58
735588.500000   	20131220   	120000		 129.23		  61.40		  64.99		   0.75		   2.09		 621.80
735589.500000   	20131221   	120000		 129.25		  61.43		  65.09		   0.72		   2.01		 621.49
735590.500000   	20131222   	120000		 129.27		  61.46		  65.17		   0.70		   1.94		 621.12
735591.500000   	20131223   	120000		 129.35		  61.52		  65.23		   0.68		   1.91		 621.45
735592.500000   	20131224   	120000		 129.43		  61.58		  65.30		   0.67		   1.87		 620.87
735593.500000   	20131225   	120000		 130.00		  62.02		  65.45		   0.67		   1.86		 623.33
735594.500000   	20131226   	120000		 130.61		  62.51		  65.57		   0.67		   1.86		 630.96
735595.500000   	20131227   	120000		 130.79		  62.65		  65.65		   0.66		   1.83		 632.93
735596.500000   	20131228   	120000		 130.92		  62.74		  65.73		   0.64		   1.80		 631.85
735597.500000   	20131229   	120000		 131.27		  63.05		  65.86		   0.62		   1.74		 636.97
735598.500000   	20131230   	120000		 131.33		  63.08		  65.92		   0.61		   1.72		 636.83
735599.500000   	20131231   	120000		 131.31		  63.07		  65.98		   0.60		   1.67		 636.03
735600.500000   	20140101   	120000		 131.33		  63.08		  66.01		   0.59		   1.64		 635.69
